DF_BHS=[20	0.6
150	7
400	7
2000	0.6];


DG_BHS=[20	0.35
90	4
500	5
2000	1.5];


%% BHS_EO=[20	0.2
%% 30	1.3
%% 70	7.6
%% 1000	7.6
%% 2000	3.595999956];


EO_BHS=[20	0.2
30	1.3
100	7.6
125	7.6
2000	0.3];



KH_BHS=[20	0.5
70	7
400	7
2000	1.6];

KV_BHS=[20	0.6
80	10
130	10
2000	0.6];

TI_BHS=[10	8.10E-01
12.5	8.30E-01
16	8.10E-01
20	8.10E-01
25	8.10E-01
31.5	9.10E-01
40	1.10E+00
50	1.40E+00
63	2.00E+00
80	3.60E+00
100	4.20E+00
125	4.90E+00
160	4.10E+00
200	4.00E+00
250	4.80E+00
320	6.10E+00
400	6.60E+00
500	5.30E+00
640	4.30E+00
800	3.70E+00
1000	2.80E+00
1250	2.10E+00
1600	1.70E+00
2000	1.50E+00];

%%%%%%%%%%%%%%%%%%%%%%%%%%%%%%%%%%%%%%%%%%%%%%%%%%%%%%%%%%%%%%%%%%%%%%%%%%%


DF_GS1_Aft_Equipment_Bay_Panels=[20	0.3
150	1.3
400	1.3
2000	0.2];


DG_GS1_Aft_Equipment_Bay_Panels=[20	0.3
100	1
500	1
2000	0.5];


EO_GS1_Aft_Equipment_Bay_Panels=[20	0.2
25	0.5
100	1.29
500	1.29
2000	0.05];

KH_GS1_Aft_Equipment_Bay_Panels=[20	0.3
90	1.1
250	1.1
2000	0.45];

KV_GS1_Aft_Equipment_Bay_Panels=[20	0.3
70	1.3
150	1.3
2000	0.2];

TI_GS1_Aft_Equipment_Bay_Panels=[10	2.67E-01
12.5	2.87E-01
16	2.92E-01
20	3.04E-01
25	3.20E-01
31.5	3.76E-01
40	3.96E-01
50	3.20E-01
63	2.46E-01
80	2.40E-01
100	3.20E-01
125	4.30E-01
160	5.88E-01
200	9.91E-01
250	1.29E+00
320	1.29E+00
400	1.29E+00
500	9.71E-01
640	5.06E-01
800	4.13E-01
1000	4.56E-01
1250	4.42E-01
1600	4.58E-01
2000	4.61E-01];

NH_GS1_Aft_Equipment_Bay_Panels=[
20	0.05
80	0.8
200	0.8
300	0.3
600	0.3
2000	0.01];

%%%%%%%%%%%%%%%%%%%%%%%%%%%%%%%%%%%%%%%%%%%%%%%%%%%%%%%%%%%%%%%%%%%%%%%%%%%


DF_GS1_Fwd_OML=[20	0.1
150	4
500	4
2000	0.8];

DG_GS1_Fwd_OML=[20	0.08
200	5
300	5
2000	0.36];

EO_GS1_Fwd_OML=[20	0.20477
63	0.517539
160	1.897694
250	5.70645
320	5.70645
2000	0.4323];

KH_GS1_Fwd_OML=[20	0.06
200	5
300	5
2000	0.4];

KV_GS1_Fwd_OML=[20	0.7
70	8
200	8
2000	0.8];

TI_GS1_Fwd_OML=[10	6.40E-02
12.5	6.60E-02
16	6.40E-02
20	6.40E-02
25	6.40E-02
31.5	7.20E-02
40	9.10E-02
50	1.10E-01
63	1.30E-01
80	2.03E-01
100	3.33E-01
125	5.63E-01
160	9.51E-01
200	1.57E+00
250	2.54E+00
320	2.86E+00
400	2.86E+00
500	2.86E+00
640	2.86E+00
800	2.86E+00
1000	2.70E+00
1250	2.17E+00
1600	1.74E+00
2000	1.48E+00];

%%%%%%%%%%%%%%%%%%%%%%%%%%%%%%%%%%%%%%%%%%%%%%%%%%%%%%%%%%%%%%%%%%%%%%%%%%%

DF_GS1_Fwd_Dome_Adapter=[20	0.08
150	4
400	4
2000	0.5];

DG_GS1_Fwd_Dome_Adapter=[20	0.13
65	4
400	4
2000	0.23];

EO_GS1_Fwd_Dome_Adapter=[20	0.11808
125	19.9
250	19.9
2000	0.4633];

KH_GS1_Fwd_Dome_Adapter=[20	0.1
90	9.5
200	9.5
2000	0.8];

KV_GS1_Fwd_Dome_Adapter=[20	0.5
100	10
130	10
2000	0.25];

TI_GS1_Fwd_Dome_Adapter=[10	1.71E-02
12.5	3.25E-02
16	6.02E-02
20	1.18E-01
25	2.43E-01
31.5	4.79E-01
40	9.32E-01
50	1.87E+00
63	3.80E+00
80	7.52E+00
100	1.46E+01
125	1.99E+01
160	1.99E+01
200	1.99E+01
250	1.68E+01
320	1.14E+01
400	7.74E+00
500	6.27E+00
640	6.26E+00
800	6.26E+00
1000	5.63E+00
1250	3.92E+00
1600	2.71E+00
2000	2.08E+00];

%%%%%%%%%%%%%%%%%%%%%%%%%%%%%%%%%%%%%%%%%%%%%%%%%%%%%%%%%%%%%%%%%%%%%%%%%%%

DF_GS1_Fwd_Ring_Frame=[20	0.2
200	2
400	2
2000	0.3];

DG_GS1_Fwd_Ring_Frame=[20	0.1
150	2.2
400	2.2
2000	0.13];

EO_GS1_Fwd_Ring_Frame=[20	0.039319055
100	1.691926937
125	1.691926937
200	2
300	2
2000	0.090319999
];

KH_GS1_Fwd_Ring_Frame=[20	0.12
80	1
600	1
2000	0.1];

KV_GS1_Fwd_Ring_Frame=[20	0.2
150	5
250	5
2000	0.1];

TI_GS1_Fwd_Ring_Frame=[10	6.79E-02
12.5	8.30E-02
16	9.56E-02
20	1.14E-01
25	1.39E-01
31.5	1.88E-01
40	2.83E-01
50	4.19E-01
63	5.95E-01
80	8.47E-01
100	1.04E+00
125	8.58E-01
160	7.19E-01
200	6.45E-01
250	7.90E-01
320	9.76E-01
400	1.12E+00
500	1.13E+00
640	1.13E+00
800	1.06E+00
1000	8.25E-01
1250	6.22E-01
1600	4.69E-01
2000	3.83E-01];

%%%%%%%%%%%%%%%%%%%%%%%%%%%%%%%%%%%%%%%%%%%%%%%%%%%%%%%%%%%%%%%%%%%%%%%%%%%

DF_GS1_Fwd_Longerons=[20	0.02
200	2
400	2
2000	0.4];

DG_GS1_Fwd_Longerons=[20	0.1
150	2.2
400	2.2
2000	0.13];

EO_GS1_Fwd_Longerons=[20	0.059317968
160	4
300	4
2000	0.355
];

KH_GS1_Fwd_Longerons=[20	0.11
125	2
300	2
2000	0.6];

KV_GS1_Fwd_Longerons=[20	0.2
150	5
200	5
2000	0.1];

TI_GS1_Fwd_Longerons=[10	3.89E-02
12.5	2.91E-02
16	2.09E-02
20	1.49E-02
25	1.62E-02
31.5	2.70E-02
40	4.47E-02
50	7.86E-02
63	1.29E-01
80	2.16E-01
100	3.55E-01
125	6.02E-01
160	1.02E+00
200	1.68E+00
250	2.80E+00
320	4.36E+00
400	4.59E+00
500	4.59E+00
640	4.54E+00
800	4.06E+00
1000	3.55E+00
1250	3.09E+00
1600	2.69E+00
2000	2.43E+00];



NH_BHS=[
20	0.5
80	10
200	10
2000	0.1
];
AEB_NH=[
20	0.05
80	0.8
200	0.8
300	0.3
600	0.3
2000	0.01
];
NH_GS1_Fwd_OML=[
20	0.4
80	6.5
300	6.5
2000	0.4

];
NH_GS1_Fwd_Dome_Adapter=[
20	0.2
100	10
200	10
2000	0.1
];
NH_GS1_Fwd_Ring_Frame=[
20	0.1
100	1.5
450	1.5
2000	0.1
];
NH_GS1_Fwd_Longerons=[
20	0.1
100	1.5
450	1.5
2000	0.1
];

%%%%%%%%%%%%%%%%%%%%%%%%%%%%%%%%%%%%%%%%%%%%%%%%%%%%%%%%%%%%%%%%%%%%%%%%%%%

FEB_NH=[20	0.1
100	0.8
450	0.8
2000	0.05

];


FEB_KH=[20	0.2
150	3.5
345	3.5
2000	0.6
];

FEB_EO=[20	0.02780567
100	1.07778749
125	1.07778749
200	2.1
250	2.1
800	0.26918444
2000	0.01
];

















