  

nrspl=[0.002   -1.
0.005   8.
0.01   10.
0.02   11.
0.03   10.5
0.05   9.
0.1    6.
0.2    1.
0.5    -7.5
1.     -13.5
2.     -20.
5.0    -27.]

	  