
out_srs=[10	10	20
80	142	284
380	142	284
670	403	806
2000	403	806];


out_srs_atp=[out_srs(:,1) out_srs(:,2)  ]
out_srs_qtp=[out_srs(:,1) out_srs(:,3)  ]


in_srs=[10	16	32
90	52	104
390	92	184
760	495	990
2000	495	990];

in_srs_atp=[in_srs(:,1) in_srs(:,2)  ]
in_srs_qtp=[in_srs(:,1) in_srs(:,3)  ]
