psd=[        20 	    0.0106 
       150 	      0.08 
       600 	      0.08 
      1430 	         1 
      2000 	         1 ]