

saabs=[ 100  11 ;
350   195;
600  573;
800  880;
1280  1175;
1690  1950;
10000  1950];