NG_BHS_liftoff_psd=[20	1.90E-01
25	2.70E-01
31.5	3.90E-01
40	6.50E-01
50	1.10E+00
63	2.00E+00
80	3.60E+00
100	4.20E+00
125	4.90E+00
160	4.10E+00
200	3.20E+00
250	3.00E+00
315	3.70E+00
400	4.70E+00
500	4.20E+00
630	2.90E+00
800	1.30E+00
1000	6.30E-01
1250	2.90E-01
1600	1.40E-01
2000	7.50E-02];

NG_BHS_ascent_psd=[20	2.10E-03
256	3.30E-01
807	3.30E-01
2000	7.00E-02
];

NG_BHS_descent_psd=[20	2.30E-01
353	7.00E+01
501	7.00E+01
2000	2.40E-01
];

NG_BHS_landing_psd=[20	1.60E+01
25	4.30E+01
31.5	8.80E+01
40	1.00E+02
50	6.20E+01
63	4.00E+01
80	2.30E+01
100	1.30E+01
125	1.10E+01
160	1.80E+01
200	2.10E+01
250	2.10E+01
315	2.10E+01
400	2.00E+01
500	1.30E+01
630	3.70E+00
800	7.70E-01
1000	1.70E-01
1250	3.90E-02
1600	1.10E-02
2000	6.90E-03
];




NG_BHS_ribs_liftoff_psd=[20	9.40E-03
25	1.50E-02
31.5	2.60E-02
40	5.00E-02
50	9.80E-02
63	2.10E-01
80	4.30E-01
100	5.90E-01
125	8.10E-01
160	6.80E-01
200	3.50E-01
250	2.10E-01
315	1.60E-01
400	1.40E-01
500	1.20E-01
630	8.20E-02
800	4.00E-02
1000	2.00E-02
1250	9.60E-03
1600	5.00E-03
2000	2.70E-03
];
NG_BHS_ribs_ascent_psd=[20	3.30E-04
152	7.10E-02
318	7.10E-02
2000	2.10E-03
];
NG_BHS_ribs_descent_psd=[20	1.70E-02
245	1.90E+00
714	1.90E+00
2000	7.20E-02
];
NG_BHS_ribs_landing_psd=[20	2.30E+00
25	7.00E+00
31.5	1.70E+01
40	2.20E+01
50	1.60E+01
63	1.20E+01
80	8.00E+00
100	5.30E+00
125	3.90E+00
160	3.60E+00
200	2.50E+00
250	1.60E+00
315	1.00E+00
400	6.00E-01
500	2.70E-01
630	7.20E-02
800	1.50E-02
1000	3.30E-03
1250	7.20E-04
1600	2.00E-04
2000	1.20E-04
];


NG_BHS_ribs_landing_psd_alt=[10 1e-01
    20	2.30E+00
25	7.00E+00
31.5	1.70E+01
40	2.20E+01
50	1.60E+01
63	1.20E+01
80	8.00E+00
100	5.30E+00
125	3.90E+00
160	3.60E+00
200	2.50E+00
250	1.60E+00
315	1.00E+00
400	6.00E-01
500	2.70E-01
630	7.20E-02
800	1.50E-02
1000	3.30E-03
1250	7.20E-04
1600	2.00E-04
2000	1.20E-04
];



NG_aft_locker_liftoff_psd=[20	6.30E-03
25	9.90E-03
31.5	1.60E-02
40	3.00E-02
50	5.80E-02
63	1.20E-01
80	2.40E-01
100	3.20E-01
125	4.30E-01
160	4.10E-01
200	3.60E-01
250	3.80E-01
315	5.30E-01
400	7.30E-01
500	6.60E-01
630	3.90E-01
800	1.40E-01
1000	5.20E-02
1250	1.90E-02
1600	7.20E-03
2000	3.20E-03
];
NG_aft_locker_ascent_psd=[20	2.30E-03
309	8.10E-01
564	8.10E-01
2000	6.70E-03
];
NG_aft_locker_descent_psd=[20	3.00E-03
295	6.10E-01
619	6.10E-01
2000	7.50E-02
];
NG_aft_locker_landing_psd=[20	8.90E-01
25	2.30E+00
31.5	4.80E+00
40	5.40E+00
50	3.30E+00
63	2.10E+00
80	1.20E+00
100	6.50E-01
125	5.70E-01
160	8.80E-01
200	1.30E+00
250	2.10E+00
315	3.30E+00
400	4.50E+00
500	3.30E+00
630	1.00E+00
800	1.70E-01
1000	3.00E-02
1250	5.30E-03
1600	1.20E-03
2000	6.60E-04
];



NG_fwd_oml_liftoff_psd=[20	1.50E-02
25	2.60E-02
31.5	4.80E-02
40	9.80E-02
50	2.10E-01
63	5.00E-01
80	1.10E+00
100	1.60E+00
125	2.40E+00
160	1.90E+00
200	9.60E-01
250	5.70E-01
315	4.40E-01
400	3.80E-01
500	3.20E-01
630	2.70E-01
800	1.40E-01
1000	6.30E-02
1250	2.70E-02
1600	1.20E-02
2000	6.20E-03
];
NG_fwd_oml_ascent_psd=[20	1.50E-04
234	2.30E-01
575	2.30E-01
2000	2.90E-03
];
NG_fwd_oml_descent_psd=[
20	4.60E-02
113	8.00E+00
163	8.00E+00
2000	1.20E+00
];
NG_fwd_oml_landing_psd=[20	5.30E+00
25	1.70E+01
31.5	4.50E+01
40	6.40E+01
50	5.00E+01
63	4.10E+01
80	2.90E+01
100	2.10E+01
125	1.60E+01
160	1.40E+01
200	7.70E+00
250	3.90E+00
315	2.00E+00
400	9.20E-01
500	3.30E-01
630	8.40E-02
800	2.70E-02
1000	9.30E-03
1250	3.20E-03
1600	9.40E-04
2000	5.20E-04
];

NG_fwd_dome_adapter_liftoff_psd=[20	1.50E-02
25	2.60E-02
31.5	4.80E-02
40	9.80E-02
50	2.10E-01
63	5.00E-01
80	1.10E+00
100	1.60E+00
125	2.40E+00
160	1.90E+00
200	9.60E-01
250	5.70E-01
315	4.40E-01
400	3.80E-01
500	3.20E-01
630	2.70E-01
800	1.40E-01
1000	6.30E-02
1250	2.70E-02
1600	1.20E-02
2000	6.20E-03
];
NG_fwd_dome_adapter_ascent_psd=[20	1.50E-04
234	2.30E-01
575	2.30E-01
2000	2.90E-03
];
NG_fwd_dome_adapter_descent_psd=[20	4.60E-02
113	8.00E+00
163	8.00E+00
2000	1.20E+00
];
NG_fwd_dome_adapter_landing_psd=[20	5.30E+00
25	1.70E+01
31.5	4.50E+01
40	6.40E+01
50	5.00E+01
63	4.10E+01
80	2.90E+01
100	2.10E+01
125	1.60E+01
160	1.40E+01
200	7.70E+00
250	3.90E+00
315	2.00E+00
400	9.20E-01
500	3.30E-01
630	8.40E-02
800	2.70E-02
1000	9.30E-03
1250	3.20E-03
1600	9.40E-04
2000	5.20E-04
];







